15 10 0 0 1
15.5 10 -0.0664124 0 1
15.9989 9.96682 -0.132825 -0.00414773 1
16.4945 9.9006 -0.199237 -0.0121679 1
16.9846 9.80164 -0.26565 -0.0237916 1
16.5021 9.93291 -0.332062 -0.00882245 0
16.0295 10.0959 -0.398475 0.0110301 0
15.5686 10.2899 -0.464887 0.0359148 0
15.1217 10.5141 -0.531299 0.0659228 0
14.6906 10.7674 -0.520718 0.10107 0
14.2569 11.0162 -0.510136 0.137475 0
13.8205 11.2603 -0.499554 0.17518 0
13.3816 11.4998 -0.488972 0.214223 0
12.9402 11.7347 -0.478391 0.25464 0
12.4964 11.9649 -0.467809 0.29646 0
12.0501 12.1903 -0.457227 0.33971 0
11.6015 12.411 -0.446645 0.384412 0
11.1505 12.627 -0.489782 0.430577 0
10.7093 12.8622 -0.532918 0.480316 0
10.2786 13.1163 -0.576054 0.53335 0
9.85931 13.3886 -0.619191 0.589314 0
9.45214 13.6788 -0.619191 0.589314 0
9.04496 13.969 -0.619191 0.647757 0
8.63779 14.2592 -0.619191 0.707394 0
8.23061 14.5494 -0.619191 0.76804 0
7.82344 14.8396 -0.619191 0.82949 0
7.41627 15.1297 -0.619191 0.891524 0
7.00909 15.4199 -0.619191 0.953912 0
6.60192 15.7101 -0.619191 1.01641 0
6.19474 16.0003 -0.619191 1.07878 0
5.78757 16.2905 -0.619191 1.14078 0
5.3804 16.5807 -0.619191 1.20216 0
4.97322 16.8709 -0.619191 1.26271 0
4.56605 17.1611 -0.619191 1.32221 0
4.15887 17.4513 -0.619191 1.38047 0
3.7517 17.7414 -0.619191 1.43731 0
3.34452 18.0316 -0.619191 1.49258 0
2.93735 18.3218 -0.619191 1.54615 0
2.53018 18.612 -0.619191 1.59793 0
2.123 18.9022 -0.619191 1.64782 0
1.71583 19.1924 -0.619191 1.69578 0
1.30865 19.4826 -0.619191 1.74175 0
0.901479 19.7728 -0.619191 1.78574 0
0.494304 20.0629 -0.619191 1.82773 0
0.0871302 20.3531 -0.619191 1.86774 0
-0.320044 20.6433 -0.619191 1.90579 0
-0.727218 20.9335 -0.619191 1.94193 0
-1.13439 21.2237 -0.619191 1.97621 0
-1.54157 21.5139 -0.619191 2.00867 0
-1.94874 21.8041 -0.619191 2.03939 0
-2.35592 22.0943 -0.619191 2.06842 0
-2.76309 22.3845 -0.619191 2.09583 0
-3.17026 22.6746 -0.619191 2.12169 0
-3.57744 22.9648 -0.619191 2.14607 0
-3.98461 23.255 -0.619191 2.16904 0
-4.39179 23.5452 -0.619191 2.19066 0
-4.79896 23.8354 -0.619191 2.21102 0
-5.20613 24.1256 -0.619191 2.23017 0
-5.61331 24.4158 -0.619191 2.24817 0
-6.02048 24.706 -0.619191 2.2651 0
-6.42766 24.9961 -0.619191 2.281 0
-6.82406 25.3005 -0.712048 2.29594 0
-6.42671 24.9975 -0.590905 2.30427 1
-5.99566 24.7447 -0.469762 2.28902 1
-5.53722 24.5459 -0.348619 2.26568 1
-5.05811 24.404 -0.227476 2.23423 1
-4.56536 24.321 -0.106333 2.19494 1
-4.06619 24.2981 0.0148104 2.14838 1
-3.56791 24.3357 0.135954 2.09552 1
-3.07784 24.4333 0.257097 2.03768 1
-2.60314 24.5894 0.37824 1.97655 1
-2.15079 24.8017 0.499383 1.91408 1
-1.72741 25.0671 0.620526 1.85234 1
-1.33921 25.3817 0.741669 1.79339 1
-0.99187 25.741 0.862812 1.73913 1
-0.690492 26.1395 0.983955 1.6911 1
-0.43949 26.5716 1.1051 1.6505 1
-0.242543 27.0309 1.22624 1.61808 1
-0.102538 27.5106 1.34738 1.59421 1
-0.0215272 28.0036 1.46853 1.57894 1
3.78175e-05 28.5029 1.57079 1.57205 1
3.71541e-05 28.0029 1.57079 1.57197 0
3.64907e-05 27.5029 1.57079 1.57205 0
3.58273e-05 27.0029 1.57079 1.57212 0
3.51639e-05 26.5029 1.57079 1.57221 0
3.45005e-05 26.0029 1.57079 1.5723 0
3.38371e-05 25.5029 1.57079 1.57239 0
3.31737e-05 25.0029 1.57079 1.57249 0
3.25103e-05 24.5029 1.57079 1.5726 0
3.18469e-05 24.0029 1.57079 1.57271 0
3.11835e-05 23.5029 1.57079 1.57283 0
3.05201e-05 23.0029 1.57079 1.57296 0
2.98567e-05 22.5029 1.57079 1.57309 0
2.91933e-05 22.0029 1.57079 1.57323 0
2.85299e-05 21.5029 1.57079 1.57339 0
2.78665e-05 21.0029 1.57079 1.57355 0
2.72031e-05 20.5029 1.57079 1.57372 0
2.65397e-05 20.0029 1.57079 1.5739 0
2.58764e-05 19.5029 1.57079 1.5741 0
2.5213e-05 19.0029 1.57079 1.5743 0
2.45496e-05 18.5029 1.57079 1.57452 0
2.38862e-05 18.0029 1.57079 1.57476 0
2.32228e-05 17.5029 1.57079 1.575 0
2.25594e-05 17.0029 1.57079 1.57527 0
2.1896e-05 16.5029 1.57079 1.57555 0
2.12326e-05 16.0029 1.57079 1.57584 0
2.05692e-05 15.5029 1.57079 1.57616 0
1.99058e-05 15.0029 1.57079 1.57649 0
1.92424e-05 14.5029 1.57079 1.57685 0
1.8579e-05 14.0029 1.57079 1.57723 0
1.79156e-05 13.5029 1.57079 1.57763 0
1.72522e-05 13.0029 1.57079 1.57806 0
1.65888e-05 12.5029 1.57079 1.57851 0
1.59254e-05 12.0029 1.57079 1.57899 0
1.5262e-05 11.5029 1.57079 1.57951 0
1.45986e-05 11.0029 1.57079 1.58005 0
1.39352e-05 10.5029 1.57079 1.58063 0
1.32718e-05 10.0029 1.57079 1.58124 0
1.26084e-05 9.5029 1.57079 1.5819 0
1.1945e-05 9.0029 1.57079 1.58259 0
1.12816e-05 8.5029 1.57079 1.58333 0
1.06182e-05 8.0029 1.57079 1.58411 0
9.95481e-06 7.5029 1.57079 1.58494 0
9.29142e-06 7.0029 1.57079 1.58583 0
8.62802e-06 6.5029 1.57079 1.58677 0
7.96462e-06 6.0029 1.57079 1.58776 0
7.30122e-06 5.5029 1.57079 1.58882 0
6.63783e-06 5.0029 1.57079 1.58995 0
5.97443e-06 4.5029 1.57079 1.59115 0
5.31103e-06 4.0029 1.57079 1.59242 0
4.64763e-06 3.5029 1.57079 1.59377 0
3.98424e-06 3.0029 1.57079 1.59521 0
3.32084e-06 2.5029 1.57079 1.59673 0
2.65744e-06 2.0029 1.57079 1.59835 0
1.99404e-06 1.5029 1.57079 1.60008 0
1.33065e-06 1.0029 1.57079 1.60191 0
6.67248e-07 0.502902 1.57079 1.60385 0
3.8508e-09 0.00290233 1.57079 1.60592 0
0 -1.77636e-15 1.57079 1.60811 0
